Frage 1,1.705
